=========================================================
 [ 종합 RMSE 비교 요약: 거리별(m) ]
=========================================================
Dist(m)    | Prop             | MUSIC            | LSTM             | MLP              | 1D-CNN
---------------------------------------------------------------------------------------------------------
       0 | 1.4594           | 10.7151          | 16.1412          | 15.3941          | 28.5901
      10 | 1.3370           | 10.8196          | 16.2010          | 14.8462          | 28.4540
      20 | 1.2575           | 11.1687          | 15.1169          | 14.4382          | 27.7659
      30 | 1.1337           | 11.3463          | 13.7824          | 13.8887          | 26.8325
      40 | 1.0111           | 12.0584          | 12.4758          | 13.3901          | 25.7935
      50 | 0.9029           | 12.8474          | 11.2306          | 12.8893          | 24.8515
      60 | 0.7888           | 13.5039          | 9.9962           | 12.4218          | 23.8979
      70 | 0.6921           | 14.5078          | 8.8728           | 11.9697          | 22.9748
      80 | 0.6069           | 15.3383          | 7.7588           | 11.5430          | 21.8999
      90 | 0.5479           | 16.2551          | 6.8419           | 11.2374          | 21.1779
     100 | 0.4998           | 17.3608          | 6.0139           | 10.9648          | 20.4659
     110 | 0.4619           | 18.3312          | 5.2646           | 10.7213          | 19.7550
     120 | 0.4347           | 19.3304          | 4.6292           | 10.5388          | 19.1435
     130 | 0.4124           | 20.2215          | 4.0704           | 10.3497          | 18.6828
     140 | 0.3999           | 21.0671          | 3.6200           | 10.2464          | 18.2345
     150 | 0.3903           | 22.2213          | 3.2463           | 10.1197          | 17.8497
     160 | 0.3855           | 23.3972          | 2.9562           | 10.0022          | 17.4026
     170 | 0.3873           | 24.6309          | 2.7556           | 9.9903           | 17.1480
     180 | 0.3908           | 25.5050          | 2.6237           | 9.9208           | 16.9680
     190 | 0.3955           | 26.3045          | 2.5327           | 9.8735           | 16.7072
     200 | 0.4021           | 27.7829          | 2.4740           | 9.8665           | 16.4890
     210 | 0.4111           | 28.6245          | 2.4412           | 9.8835           | 16.3098
     220 | 0.4201           | 29.1085          | 2.4184           | 9.8657           | 16.1396
     230 | 0.4301           | 30.1207          | 2.4045           | 9.8220           | 15.8903
     240 | 0.4407           | 31.3650          | 2.4016           | 9.8272           | 15.7573
     250 | 0.4507           | 32.3057          | 2.3854           | 9.9133           | 15.7283
     260 | 0.4608           | 33.3812          | 2.4004           | 9.9028           | 15.6488
     270 | 0.4725           | 33.8081          | 2.3819           | 9.9371           | 15.4542
     280 | 0.4833           | 34.7794          | 2.3768           | 10.0085          | 15.4771
     290 | 0.4953           | 35.3656          | 2.3999           | 10.0802          | 15.5063
     300 | 0.5069           | 36.8707          | 2.4065           | 10.1418          | 15.4124
     310 | 0.5171           | 37.5873          | 2.4141           | 10.2281          | 15.4591
     320 | 0.5295           | 37.7860          | 2.4510           | 10.4076          | 15.4894
     330 | 0.5420           | 39.1248          | 2.4529           | 10.4818          | 15.5919
     340 | 0.5548           | 39.7899          | 2.5086           | 10.6463          | 15.6269
     350 | 0.5672           | 40.3619          | 2.5661           | 10.8094          | 15.8854
     360 | 0.5795           | 41.5482          | 2.6140           | 10.9593          | 15.9854
     370 | 0.5956           | 41.8125          | 2.7325           | 11.2816          | 16.4314
     380 | 0.6101           | 42.9517          | 2.8251           | 11.5968          | 16.8083
     390 | 0.6308           | 43.3234          | 2.9920           | 11.9729          | 17.5028
     400 | 0.6502           | 45.1239          | 3.1101           | 12.2090          | 17.6609
     410 | 0.6786           | 44.5606          | 3.2970           | 12.7517          | 18.5718
     420 | 0.6988           | 46.0580          | 3.4974           | 13.3560          | 19.5893
     430 | 0.7316           | 46.9507          | 3.6600           | 13.8853          | 20.3937
     440 | 0.7723           | 47.6100          | 4.0056           | 14.7332          | 21.6861
     450 | 0.8321           | 47.7712          | 4.3696           | 15.6456          | 23.2064
     460 | 0.8784           | 48.1313          | 4.6932           | 16.5162          | 24.7142
     470 | 0.9448           | 49.4065          | 5.1262           | 17.7652          | 26.8416
     480 | 1.0308           | 49.2377          | 5.6274           | 18.8839          | 28.7322
     490 | 1.1138           | 50.2051          | 6.2012           | 20.3867          | 31.0164
     500 | 1.2371           | 50.6469          | 6.8842           | 21.9598          | 33.3263
     510 | 1.3439           | 51.4473          | 7.5516           | 23.4172          | 35.6599
     520 | 1.5409           | 52.4316          | 8.5554           | 25.5957          | 39.1705
     530 | 1.6409           | 53.8048          | 9.2967           | 27.3259          | 41.9318
     540 | 1.8690           | 53.1806          | 10.4123          | 29.2291          | 45.2088
     550 | 2.0853           | 55.4287          | 11.4562          | 31.7983          | 49.1424
     560 | 2.3109           | 55.2996          | 12.6931          | 33.6861          | 52.0857
     570 | 2.6188           | 57.0476          | 14.2199          | 36.4753          | 56.6642
     580 | 3.0131           | 58.8777          | 15.9255          | 39.4925          | 61.2000
     590 | 3.4013           | 56.5674          | 17.7329          | 42.5914          | 66.1178
     600 | 3.8318           | 58.3512          | 19.5293          | 44.6557          | 69.3309


=========================================================
 [ 종합 RMSE 비교 요약: TDOA 평균 바이어스별(us) ]
=========================================================
Bias(us)   | Prop             | MUSIC            | LSTM             | MLP              | 1D-CNN
---------------------------------------------------------------------------------------------------------
       0 | 0.6454           | 44.6328          | 3.0657           | 12.2084          | 17.6897
       1 | 0.6468           | 44.1676          | 3.0657           | 12.1768          | 17.6640
       2 | 0.6489           | 43.0681          | 3.0883           | 12.2554          | 17.6959
       3 | 0.6509           | 44.8192          | 3.1108           | 12.2569          | 17.7029
       4 | 0.6486           | 44.5444          | 3.0777           | 12.3677          | 18.0720
       5 | 0.6481           | 43.9114          | 3.1031           | 12.3411          | 17.9776
       6 | 0.6488           | 44.1294          | 3.0941           | 12.2398          | 17.7078
       7 | 0.6525           | 44.5854          | 3.1280           | 12.4634          | 18.1307
       8 | 0.6495           | 44.9334          | 3.1290           | 12.3699          | 17.9455
       9 | 0.6500           | 44.5384          | 3.0977           | 12.2824          | 17.7145
      10 | 0.6486           | 44.6400          | 3.0852           | 12.3253          | 17.7166
      11 | 0.6521           | 44.4661          | 3.1462           | 12.4864          | 18.0740
      12 | 0.6506           | 43.9245          | 3.1048           | 12.3989          | 17.9458
      13 | 0.6511           | 44.7224          | 3.0639           | 12.2868          | 17.6419
      14 | 0.6525           | 44.1763          | 3.1176           | 12.4581          | 17.8254
      15 | 0.6524           | 43.9735          | 3.1116           | 12.4514          | 17.7797
      16 | 0.6496           | 43.8694          | 3.0787           | 12.5113          | 17.7749
      17 | 0.6492           | 44.2062          | 3.1336           | 12.5462          | 17.7051
      18 | 0.6483           | 44.2535          | 3.0655           | 12.5155          | 17.6043
      19 | 0.6472           | 44.8074          | 3.0886           | 12.5308          | 17.7388
      20 | 0.6514           | 44.7638          | 3.1008           | 12.6228          | 17.8327
      21 | 0.6521           | 43.6648          | 3.1304           | 12.6186          | 17.7399
      22 | 0.6514           | 45.3602          | 3.1193           | 12.6841          | 17.6250
      23 | 0.6505           | 44.1235          | 3.0861           | 12.7063          | 17.7497
      24 | 0.6508           | 44.5389          | 3.0951           | 12.7750          | 17.8495
      25 | 0.6504           | 44.5854          | 3.1052           | 12.7871          | 17.6088
      26 | 0.6495           | 44.7729          | 3.1313           | 12.8439          | 17.8620
      27 | 0.6515           | 44.7920          | 3.1142           | 12.8759          | 17.8655
      28 | 0.6507           | 44.9433          | 3.0437           | 12.8018          | 17.5380
      29 | 0.6498           | 44.6997          | 3.0717           | 12.9354          | 17.8025
      30 | 0.6527           | 44.1820          | 3.0534           | 12.9669          | 17.6899
      31 | 0.6541           | 44.8906          | 3.0984           | 13.1349          | 18.2076
      32 | 0.6499           | 44.3046          | 3.1013           | 13.1118          | 17.9992
      33 | 0.6530           | 43.4441          | 3.1156           | 13.1126          | 17.8292
      34 | 0.6495           | 44.8443          | 3.0626           | 13.0993          | 17.8195
      35 | 0.6504           | 44.1641          | 3.0928           | 13.1734          | 17.8870
      36 | 0.6558           | 44.8145          | 3.1223           | 13.2487          | 18.0007
      37 | 0.6541           | 44.2864          | 3.1149           | 13.2890          | 17.9372
      38 | 0.6511           | 44.5296          | 3.1471           | 13.4278          | 18.0419
      39 | 0.6511           | 44.0639          | 3.1190           | 13.4553          | 17.9226
      40 | 0.6528           | 45.1298          | 3.0957           | 13.3799          | 17.8809
      41 | 0.6567           | 44.3522          | 3.1555           | 13.5846          | 18.0627
      42 | 0.6569           | 44.6107          | 3.1267           | 13.5562          | 18.0457
      43 | 0.6561           | 43.6943          | 3.1044           | 13.5527          | 18.0125
      44 | 0.6521           | 43.8917          | 3.0729           | 13.6087          | 17.8124
      45 | 0.6579           | 44.4497          | 3.1576           | 13.7843          | 18.1487
      46 | 0.6579           | 44.0288          | 3.1428           | 13.6825          | 17.9213
      47 | 0.6587           | 44.2357          | 3.1359           | 13.7300          | 18.0031
      48 | 0.6583           | 44.5800          | 3.1539           | 13.9097          | 18.2386
      49 | 0.6577           | 43.4082          | 3.1562           | 13.9802          | 18.1700
      50 | 0.6591           | 43.9735          | 3.1249           | 13.9580          | 18.1136
      51 | 0.6573           | 44.2039          | 3.1105           | 13.9157          | 17.8378
      52 | 0.6591           | 44.2132          | 3.1433           | 14.1800          | 18.0511
      53 | 0.6576           | 43.7684          | 3.1190           | 14.1595          | 17.8906
      54 | 0.6550           | 44.3879          | 3.1135           | 14.2296          | 18.1264
      55 | 0.6590           | 43.4086          | 3.1232           | 14.1989          | 18.0042
      56 | 0.6560           | 44.3229          | 3.0931           | 14.2288          | 17.7931
      57 | 0.6575           | 43.9529          | 3.1335           | 14.4283          | 18.0464
      58 | 0.6574           | 43.7755          | 3.1239           | 14.3933          | 17.8725
      59 | 0.6586           | 43.9083          | 3.1004           | 14.3598          | 17.7828
      60 | 0.6583           | 44.3015          | 3.1230           | 14.4974          | 17.9865
      61 | 0.6610           | 43.1192          | 3.1564           | 14.8247          | 18.1475
      62 | 0.6587           | 44.6868          | 3.1108           | 14.7805          | 17.9022
      63 | 0.6599           | 44.9055          | 3.1192           | 14.8298          | 18.0380
      64 | 0.6619           | 44.5787          | 3.1476           | 15.0751          | 18.1988
      65 | 0.6574           | 44.5757          | 3.1321           | 15.1212          | 18.0038
      66 | 0.6560           | 43.6734          | 3.0972           | 15.0277          | 17.9157
      67 | 0.6648           | 44.6707          | 3.1448           | 15.1748          | 17.9454
      68 | 0.6627           | 44.3486          | 3.1314           | 15.2621          | 17.9118
      69 | 0.6603           | 45.5204          | 3.1144           | 15.3334          | 17.8943
      70 | 0.6613           | 44.1946          | 3.0950           | 15.4095          | 17.8872
      71 | 0.6607           | 44.8613          | 3.0963           | 15.5525          | 17.8832
      72 | 0.6635           | 42.9646          | 3.1395           | 15.7619          | 18.0893
      73 | 0.6616           | 43.2686          | 3.1305           | 15.6938          | 18.0347
      74 | 0.6606           | 44.2568          | 3.1512           | 16.0698          | 18.1957
      75 | 0.6612           | 43.8240          | 3.1191           | 15.9385          | 17.9819
      76 | 0.6647           | 45.2978          | 3.1400           | 16.1402          | 17.9991
      77 | 0.6620           | 44.6957          | 3.1268           | 16.2342          | 18.0177
      78 | 0.6636           | 44.1008          | 3.1250           | 16.3673          | 18.1247
      79 | 0.6658           | 43.8333          | 3.1271           | 16.3653          | 17.8036
      80 | 0.6657           | 44.9099          | 3.1108           | 16.7041          | 18.2300
      81 | 0.6654           | 43.9722          | 3.1159           | 16.7915          | 18.0223
      82 | 0.6649           | 44.4787          | 3.1420           | 16.9139          | 18.0203
      83 | 0.6691           | 43.3441          | 3.1800           | 17.0348          | 18.1233
      84 | 0.6667           | 44.4649          | 3.1112           | 17.0644          | 18.2031
      85 | 0.6646           | 44.6054          | 3.1325           | 17.1743          | 17.9798
      86 | 0.6686           | 45.2469          | 3.1571           | 17.4253          | 18.0701
      87 | 0.6649           | 43.7270          | 3.1218           | 17.6035          | 18.1702
      88 | 0.6622           | 44.8633          | 3.0937           | 17.8282          | 18.0756
      89 | 0.6678           | 44.5179          | 3.1661           | 17.9366          | 18.1065
      90 | 0.6708           | 44.4421          | 3.1535           | 18.2187          | 18.2773
      91 | 0.6686           | 44.7496          | 3.1259           | 18.2944          | 18.1120
      92 | 0.6736           | 44.8036          | 3.1444           | 18.4201          | 18.0611
      93 | 0.6719           | 44.2558          | 3.1522           | 18.4620          | 17.9460
      94 | 0.6690           | 44.1931          | 3.1251           | 18.9574          | 18.0839
      95 | 0.6703           | 44.3530          | 3.1193           | 18.8479          | 18.0054
      96 | 0.6714           | 44.8252          | 3.1520           | 19.2363          | 18.2982
      97 | 0.6704           | 44.9916          | 3.1793           | 19.7389          | 18.5175
      98 | 0.6734           | 44.8323          | 3.1688           | 19.6368          | 18.1244
      99 | 0.6719           | 44.9263          | 3.1615           | 19.6711          | 18.2068
     100 | 0.6758           | 44.5100          | 3.1911           | 20.2267          | 18.2998


=========================================================
 [ 종합 RMSE 비교 요약: TDOA 노이즈 표준편차별(us) ]
=========================================================
Std(us)    | Prop             | MUSIC            | LSTM             | MLP              | 1D-CNN
---------------------------------------------------------------------------------------------------------
       0 | 0.6497           | 44.4097          | 3.0780           | 11.6359          | 17.6259
       1 | 0.6516           | 44.4783          | 3.1161           | 11.8116          | 18.1107
       2 | 0.6508           | 43.9367          | 3.1026           | 11.8497          | 18.0332
       3 | 0.6474           | 45.3127          | 3.0757           | 11.6172          | 17.5932
       4 | 0.6487           | 43.7488          | 3.0806           | 11.6085          | 17.7043
       5 | 0.6461           | 44.8820          | 3.0808           | 11.7881          | 17.9691
       6 | 0.6492           | 43.8747          | 3.1228           | 11.7232          | 17.8082
       7 | 0.6455           | 45.0767          | 3.0672           | 11.6484          | 17.7379
       8 | 0.6458           | 44.1130          | 3.0944           | 11.7145          | 17.8050
       9 | 0.6513           | 44.8104          | 3.0902           | 11.7324          | 17.7702
      10 | 0.6500           | 44.2922          | 3.0849           | 11.7701          | 17.8092
      11 | 0.6470           | 44.3975          | 3.0864           | 11.6635          | 17.7575
      12 | 0.6484           | 44.6165          | 3.1293           | 11.8090          | 17.9076
      13 | 0.6482           | 44.1324          | 3.0748           | 11.7028          | 17.6490
      14 | 0.6485           | 43.4909          | 3.1183           | 11.7162          | 17.7795
      15 | 0.6495           | 44.7589          | 3.0795           | 11.7220          | 17.7155
      16 | 0.6497           | 45.1165          | 3.1167           | 11.7710          | 17.7453
      17 | 0.6474           | 44.4367          | 3.0992           | 11.8423          | 18.0161
      18 | 0.6452           | 44.0383          | 3.0721           | 11.7705          | 17.8784
      19 | 0.6517           | 44.2359          | 3.1052           | 11.9345          | 17.9980
      20 | 0.6502           | 43.8607          | 3.0888           | 11.9208          | 17.9226
      21 | 0.6507           | 43.6391          | 3.0943           | 11.8825          | 17.9812
      22 | 0.6494           | 43.9444          | 3.0858           | 11.7760          | 17.7448
      23 | 0.6513           | 43.9263          | 3.1129           | 11.8822          | 17.8746
      24 | 0.6452           | 44.7256          | 3.0385           | 11.7337          | 17.5706
      25 | 0.6457           | 43.9617          | 3.0878           | 11.8416          | 17.6857
      26 | 0.6515           | 43.9506          | 3.1304           | 11.9376          | 17.9253
      27 | 0.6450           | 43.9294          | 3.0839           | 11.8358          | 17.6952
      28 | 0.6448           | 44.3047          | 3.0588           | 11.8092          | 17.5471
      29 | 0.6480           | 43.9619          | 3.0651           | 11.9008          | 17.7868
      30 | 0.6502           | 44.8123          | 3.0734           | 11.9800          | 17.8451
      31 | 0.6463           | 44.0216          | 3.0701           | 11.9743          | 17.8778
      32 | 0.6466           | 45.3692          | 3.0856           | 11.9246          | 17.7658
      33 | 0.6461           | 44.2806          | 3.0772           | 11.8934          | 17.6132
      34 | 0.6458           | 43.8456          | 3.0717           | 11.8648          | 17.5622
      35 | 0.6480           | 44.2018          | 3.0995           | 12.0442          | 17.8223
      36 | 0.6478           | 44.0539          | 3.1172           | 12.0646          | 17.7973
      37 | 0.6503           | 44.5035          | 3.0832           | 12.0221          | 17.7346
      38 | 0.6442           | 44.3275          | 3.1199           | 12.0401          | 17.7508
      39 | 0.6452           | 44.9705          | 3.0931           | 11.9993          | 17.7717
      40 | 0.6531           | 44.5647          | 3.1149           | 12.1106          | 17.8531
      41 | 0.6469           | 43.8809          | 3.0835           | 12.0719          | 17.7477
      42 | 0.6505           | 43.4230          | 3.1520           | 12.2203          | 17.8536
      43 | 0.6483           | 43.9593          | 3.0624           | 12.0562          | 17.5934
      44 | 0.6535           | 44.1687          | 3.1079           | 12.2057          | 17.9088
      45 | 0.6492           | 43.1692          | 3.1024           | 12.3246          | 18.0162
      46 | 0.6491           | 44.2558          | 3.0961           | 12.2255          | 17.7746
      47 | 0.6470           | 44.7315          | 3.0928           | 12.2283          | 17.8024
      48 | 0.6497           | 44.4854          | 3.0861           | 12.2756          | 17.9620
      49 | 0.6495           | 44.8311          | 3.1153           | 12.1920          | 17.6422
      50 | 0.6474           | 44.2151          | 3.0624           | 12.1771          | 17.7122
      51 | 0.6469           | 43.1476          | 3.0974           | 12.3307          | 17.9982
      52 | 0.6473           | 44.6889          | 3.1001           | 12.3412          | 17.8582
      53 | 0.6469           | 44.5606          | 3.0806           | 12.2452          | 17.7708
      54 | 0.6462           | 43.7886          | 3.0901           | 12.3201          | 17.8689
      55 | 0.6474           | 43.9411          | 3.0570           | 12.3210          | 17.7803
      56 | 0.6506           | 43.9923          | 3.1136           | 12.3310          | 17.8445
      57 | 0.6521           | 44.3937          | 3.0972           | 12.3546          | 17.7519
      58 | 0.6477           | 44.1375          | 3.0991           | 12.3762          | 17.7825
      59 | 0.6502           | 43.8266          | 3.0989           | 12.4189          | 17.7342
      60 | 0.6518           | 44.8740          | 3.1109           | 12.4747          | 17.9552
      61 | 0.6458           | 44.5748          | 3.0600           | 12.3964          | 17.6607
      62 | 0.6482           | 44.5030          | 3.0958           | 12.4600          | 17.8564
      63 | 0.6454           | 44.0886          | 3.0766           | 12.5048          | 17.8595
      64 | 0.6484           | 44.0785          | 3.0970           | 12.5507          | 17.8805
      65 | 0.6466           | 43.6686          | 3.0964           | 12.5017          | 17.8449
      66 | 0.6527           | 43.8985          | 3.1091           | 12.6204          | 18.0121
      67 | 0.6496           | 43.7317          | 3.1538           | 12.6650          | 18.1149
      68 | 0.6494           | 44.2701          | 3.0765           | 12.6075          | 18.0382
      69 | 0.6511           | 43.4804          | 3.1165           | 12.6193          | 18.0693
      70 | 0.6504           | 44.3958          | 3.0914           | 12.7275          | 18.1338
      71 | 0.6500           | 44.1248          | 3.1121           | 12.6998          | 18.0379
      72 | 0.6525           | 44.4169          | 3.1383           | 12.6007          | 17.6898
      73 | 0.6491           | 43.9878          | 3.1033           | 12.7839          | 18.0660
      74 | 0.6479           | 45.1158          | 3.1258           | 12.7586          | 18.0348
      75 | 0.6490           | 44.3143          | 3.1083           | 12.7303          | 17.9482
      76 | 0.6511           | 44.1708          | 3.1119           | 12.8018          | 17.9664
      77 | 0.6506           | 45.0819          | 3.1014           | 12.7661          | 17.9552
      78 | 0.6506           | 45.2962          | 3.0967           | 12.7143          | 17.8935
      79 | 0.6518           | 44.8350          | 3.1196           | 12.8252          | 17.9322
      80 | 0.6487           | 43.8708          | 3.1882           | 12.9756          | 18.2183
      81 | 0.6445           | 44.7295          | 3.0606           | 12.7211          | 17.7245
      82 | 0.6484           | 43.4846          | 3.1495           | 12.8099          | 17.8961
      83 | 0.6479           | 44.1558          | 3.1222           | 12.8713          | 18.0267
      84 | 0.6507           | 43.8284          | 3.1247           | 12.9199          | 18.1436
      85 | 0.6496           | 44.4358          | 3.1469           | 12.9345          | 18.0515
      86 | 0.6473           | 43.8476          | 3.0954           | 12.9763          | 18.0780
      87 | 0.6486           | 44.3284          | 3.1025           | 12.9267          | 17.9515
      88 | 0.6540           | 44.0429          | 3.1420           | 12.9591          | 17.9855
      89 | 0.6461           | 44.3243          | 3.0881           | 12.9190          | 17.8492
      90 | 0.6492           | 42.8872          | 3.1484           | 13.0093          | 18.0351
      91 | 0.6473           | 44.6448          | 3.0933           | 12.9962          | 17.9112
      92 | 0.6489           | 43.3333          | 3.1448           | 13.0725          | 18.0516
      93 | 0.6513           | 43.6714          | 3.1509           | 13.1054          | 18.1368
      94 | 0.6459           | 44.4812          | 3.0792           | 13.0662          | 17.9289
      95 | 0.6486           | 44.7409          | 3.1011           | 13.0607          | 17.9999
      96 | 0.6494           | 43.8245          | 3.1424           | 13.1383          | 18.1576
      97 | 0.6492           | 44.8844          | 3.0930           | 13.1242          | 17.9830
      98 | 0.6498           | 45.4004          | 3.1576           | 13.1766          | 18.0547
      99 | 0.6528           | 44.3003          | 3.1341           | 13.1071          | 17.9900
     100 | 0.6525           | 43.6860          | 3.1417           | 13.2050          | 18.1376


=========================================================
 [ 종합 RMSE 비교 요약: DOA 오차별(deg) ]
=========================================================
DOA(deg)   | Prop             | LSTM             | MLP              | 1D-CNN
---------------------------------------------------------------------------------------------------------
     0.0 | 0.1950           | 2.9341           | 12.1978          | 17.6511
     0.1 | 0.2629           | 3.0486           | 12.3303          | 17.8979
     0.2 | 0.3539           | 2.9807           | 12.3325          | 17.8345
     0.3 | 0.4571           | 3.0054           | 12.2268          | 17.7389
     0.4 | 0.5561           | 3.0452           | 12.2094          | 17.6567
     0.5 | 0.6542           | 3.1627           | 12.4467          | 18.1279
     0.6 | 0.7469           | 3.1564           | 12.2715          | 17.8515
     0.7 | 0.8431           | 3.2299           | 12.3205          | 17.8383
     0.8 | 0.9401           | 3.2433           | 12.2376          | 17.7919
     0.9 | 1.0450           | 3.3536           | 12.2924          | 17.9002
     1.0 | 1.1466           | 3.3662           | 12.1998          | 17.7313
     1.1 | 1.2567           | 3.4838           | 12.3501          | 17.9422
     1.2 | 1.3662           | 3.5928           | 12.3533          | 18.1046